{
 "cells": [
  {
   "cell_type": "code",
   "execution_count": 1,
   "metadata": {},
   "outputs": [],
   "source": [
    "import torch\n",
    "\n",
    "inputs = torch.tensor(\n",
    "  [[0.43, 0.15, 0.89], # Your     (x^1)\n",
    "   [0.55, 0.87, 0.66], # journey  (x^2)\n",
    "   [0.57, 0.85, 0.64], # starts   (x^3)\n",
    "   [0.22, 0.58, 0.33], # with     (x^4)\n",
    "   [0.77, 0.25, 0.10], # one      (x^5)\n",
    "   [0.05, 0.80, 0.55]] # step     (x^6)\n",
    ")"
   ]
  },
  {
   "cell_type": "code",
   "execution_count": 2,
   "metadata": {},
   "outputs": [],
   "source": [
    "d_out = 2  # desired output dimension\n",
    "d_in = inputs.shape[1] # input dimension"
   ]
  },
  {
   "cell_type": "code",
   "execution_count": 3,
   "metadata": {},
   "outputs": [],
   "source": [
    "w_query = torch.nn.Parameter(torch.randn(d_in, d_out))  # W^Q\n",
    "w_key   = torch.nn.Parameter(torch.randn(d_in, d_out))  # W^K\n",
    "w_value = torch.nn.Parameter(torch.randn(d_in, d_out))  # W^V"
   ]
  },
  {
   "cell_type": "code",
   "execution_count": 4,
   "metadata": {},
   "outputs": [
    {
     "name": "stdout",
     "output_type": "stream",
     "text": [
      "w_query =  Parameter containing:\n",
      "tensor([[-0.0038,  0.0844],\n",
      "        [ 0.2761, -0.0644],\n",
      "        [ 0.1660,  2.4714]], requires_grad=True)\n",
      "w_key =  Parameter containing:\n",
      "tensor([[-0.4068, -0.4071],\n",
      "        [ 0.4004, -0.2234],\n",
      "        [-1.4173, -0.3151]], requires_grad=True)\n",
      "w_value =  Parameter containing:\n",
      "tensor([[ 1.8861, -1.1463],\n",
      "        [-0.5135, -0.8996],\n",
      "        [ 0.2423,  0.6856]], requires_grad=True)\n"
     ]
    }
   ],
   "source": [
    "print(\"w_query = \", w_query)\n",
    "print(\"w_key = \", w_key)\n",
    "print(\"w_value = \", w_value)"
   ]
  },
  {
   "cell_type": "code",
   "execution_count": 5,
   "metadata": {},
   "outputs": [
    {
     "name": "stdout",
     "output_type": "stream",
     "text": [
      "query =  tensor([[0.1875, 2.2262],\n",
      "        [0.3476, 1.6215],\n",
      "        [0.3387, 1.5750],\n",
      "        [0.2141, 0.7967],\n",
      "        [0.0827, 0.2960],\n",
      "        [0.3120, 1.3119]], grad_fn=<MmBackward0>)\n",
      "key =  tensor([[-1.3763, -0.4891],\n",
      "        [-0.8108, -0.6263],\n",
      "        [-0.7986, -0.6237],\n",
      "        [-0.3250, -0.3232],\n",
      "        [-0.3549, -0.4009],\n",
      "        [-0.4795, -0.3724]], grad_fn=<MmBackward0>)\n"
     ]
    }
   ],
   "source": [
    "query = inputs @ w_query  # Q = X * W^Q\n",
    "key   = inputs @ w_key    # K = X * W^K\n",
    "value = inputs @ w_value  # V = X * W^V\n",
    "print(\"query = \", query)\n",
    "print(\"key = \", key)"
   ]
  },
  {
   "cell_type": "code",
   "execution_count": 6,
   "metadata": {},
   "outputs": [
    {
     "name": "stdout",
     "output_type": "stream",
     "text": [
      "atten_score =  tensor([[-1.3467, -1.5462, -1.5381, -0.7803, -0.9589, -0.9190],\n",
      "        [-1.2714, -1.2974, -1.2889, -0.6369, -0.7734, -0.7706],\n",
      "        [-1.2364, -1.2610, -1.2528, -0.6190, -0.7516, -0.7490],\n",
      "        [-0.6843, -0.6726, -0.6678, -0.3270, -0.3954, -0.3994],\n",
      "        [-0.2585, -0.2524, -0.2506, -0.1225, -0.1480, -0.1499],\n",
      "        [-1.0709, -1.0746, -1.0673, -0.5253, -0.6366, -0.6382]],\n",
      "       grad_fn=<MmBackward0>)\n",
      "atten_weight =  tensor([[0.1349, 0.1105, 0.1114, 0.2376, 0.1988, 0.2069],\n",
      "        [0.1229, 0.1197, 0.1207, 0.2317, 0.2022, 0.2027],\n",
      "        [0.1240, 0.1210, 0.1220, 0.2299, 0.2013, 0.2019],\n",
      "        [0.1404, 0.1421, 0.1427, 0.2007, 0.1874, 0.1867],\n",
      "        [0.1565, 0.1574, 0.1577, 0.1793, 0.1747, 0.1744],\n",
      "        [0.1280, 0.1276, 0.1285, 0.2209, 0.1977, 0.1973]],\n",
      "       grad_fn=<SoftmaxBackward0>)\n"
     ]
    }
   ],
   "source": [
    "atten_score = query @ key.T  # Attention Score = Q * K^T\n",
    "print(\"atten_score = \", atten_score)\n",
    "atten_weight = torch.softmax(atten_score, dim=1)  # Attention Weight = softmax(Attention Score)\n",
    "print(\"atten_weight = \", atten_weight)"
   ]
  },
  {
   "cell_type": "code",
   "execution_count": 9,
   "metadata": {},
   "outputs": [
    {
     "name": "stdout",
     "output_type": "stream",
     "text": [
      "tensor([[1., 0., 0., 0., 0., 0.],\n",
      "        [1., 1., 0., 0., 0., 0.],\n",
      "        [1., 1., 1., 0., 0., 0.],\n",
      "        [1., 1., 1., 1., 0., 0.],\n",
      "        [1., 1., 1., 1., 1., 0.],\n",
      "        [1., 1., 1., 1., 1., 1.]])\n"
     ]
    }
   ],
   "source": [
    "context_length = inputs.shape[0]\n",
    "one_matrix = torch.ones(context_length, context_length)\n",
    "mask_matrix = torch.tril(one_matrix)\n",
    "print(mask_matrix)"
   ]
  },
  {
   "cell_type": "code",
   "execution_count": 11,
   "metadata": {},
   "outputs": [
    {
     "name": "stdout",
     "output_type": "stream",
     "text": [
      "tensor([[0.1349, 0.0000, 0.0000, 0.0000, 0.0000, 0.0000],\n",
      "        [0.1229, 0.1197, 0.0000, 0.0000, 0.0000, 0.0000],\n",
      "        [0.1240, 0.1210, 0.1220, 0.0000, 0.0000, 0.0000],\n",
      "        [0.1404, 0.1421, 0.1427, 0.2007, 0.0000, 0.0000],\n",
      "        [0.1565, 0.1574, 0.1577, 0.1793, 0.1747, 0.0000],\n",
      "        [0.1280, 0.1276, 0.1285, 0.2209, 0.1977, 0.1973]],\n",
      "       grad_fn=<TrilBackward0>)\n"
     ]
    }
   ],
   "source": [
    "masked_atten_weight = torch.tril(atten_weight) # or atten_weight * mask_matrix \n",
    "print( masked_atten_weight)"
   ]
  },
  {
   "cell_type": "markdown",
   "metadata": {},
   "source": [
    "## Renormalizing The Matrix "
   ]
  },
  {
   "cell_type": "code",
   "execution_count": 14,
   "metadata": {},
   "outputs": [
    {
     "name": "stdout",
     "output_type": "stream",
     "text": [
      "tensor([[1.0000, 0.0000, 0.0000, 0.0000, 0.0000, 0.0000],\n",
      "        [0.5065, 0.4935, 0.0000, 0.0000, 0.0000, 0.0000],\n",
      "        [0.3379, 0.3297, 0.3324, 0.0000, 0.0000, 0.0000],\n",
      "        [0.2243, 0.2270, 0.2280, 0.3207, 0.0000, 0.0000],\n",
      "        [0.1895, 0.1907, 0.1910, 0.2171, 0.2117, 0.0000],\n",
      "        [0.1280, 0.1276, 0.1285, 0.2209, 0.1977, 0.1973]],\n",
      "       grad_fn=<DivBackward0>)\n"
     ]
    }
   ],
   "source": [
    "row_sums = masked_atten_weight.sum(dim=1, keepdim=True)\n",
    "normalized_atten_weight = masked_atten_weight / row_sums\n",
    "print(normalized_atten_weight)"
   ]
  },
  {
   "cell_type": "markdown",
   "metadata": {},
   "source": [
    "<div class=\"alert alert-block alert-success\">\n",
    "\n",
    "The softmax function converts its inputs into a probability distribution. \n",
    "\n",
    "When negative\n",
    "infinity values (-∞) are present in a row, the softmax function treats them as zero\n",
    "probability. \n",
    "\n",
    "(Mathematically, this is because e\n",
    "-∞ approaches 0.)\n",
    "\n",
    "\n",
    "We can implement this more efficient masking \"trick\" by creating a mask with 1's above\n",
    "the diagonal and then replacing these 1's with negative infinity (-inf) values:\n",
    "\n",
    "</div>"
   ]
  },
  {
   "cell_type": "code",
   "execution_count": 22,
   "metadata": {},
   "outputs": [
    {
     "name": "stdout",
     "output_type": "stream",
     "text": [
      "tensor([[0., 1., 1., 1., 1., 1.],\n",
      "        [0., 0., 1., 1., 1., 1.],\n",
      "        [0., 0., 0., 1., 1., 1.],\n",
      "        [0., 0., 0., 0., 1., 1.],\n",
      "        [0., 0., 0., 0., 0., 1.],\n",
      "        [0., 0., 0., 0., 0., 0.]])\n"
     ]
    }
   ],
   "source": [
    "masked_upper = torch.triu(torch.ones(context_length, context_length), diagonal=1)\n",
    "print(masked_upper)"
   ]
  },
  {
   "cell_type": "code",
   "execution_count": 23,
   "metadata": {},
   "outputs": [
    {
     "name": "stdout",
     "output_type": "stream",
     "text": [
      "tensor([[-1.3467,    -inf,    -inf,    -inf,    -inf,    -inf],\n",
      "        [-1.2714, -1.2974,    -inf,    -inf,    -inf,    -inf],\n",
      "        [-1.2364, -1.2610, -1.2528,    -inf,    -inf,    -inf],\n",
      "        [-0.6843, -0.6726, -0.6678, -0.3270,    -inf,    -inf],\n",
      "        [-0.2585, -0.2524, -0.2506, -0.1225, -0.1480,    -inf],\n",
      "        [-1.0709, -1.0746, -1.0673, -0.5253, -0.6366, -0.6382]],\n",
      "       grad_fn=<MaskedFillBackward0>)\n"
     ]
    }
   ],
   "source": [
    "masked_matrix =atten_score.masked_fill(masked_upper.bool() , -torch.inf)\n",
    "print(masked_matrix)"
   ]
  },
  {
   "cell_type": "code",
   "execution_count": 25,
   "metadata": {},
   "outputs": [
    {
     "name": "stdout",
     "output_type": "stream",
     "text": [
      "tensor([[1.0000, 0.0000, 0.0000, 0.0000, 0.0000, 0.0000],\n",
      "        [0.5065, 0.4935, 0.0000, 0.0000, 0.0000, 0.0000],\n",
      "        [0.3379, 0.3297, 0.3324, 0.0000, 0.0000, 0.0000],\n",
      "        [0.2243, 0.2270, 0.2280, 0.3207, 0.0000, 0.0000],\n",
      "        [0.1895, 0.1907, 0.1910, 0.2171, 0.2117, 0.0000],\n",
      "        [0.1280, 0.1276, 0.1285, 0.2209, 0.1977, 0.1973]],\n",
      "       grad_fn=<SoftmaxBackward0>)\n"
     ]
    }
   ],
   "source": [
    "causal_atten_weight = torch.softmax(masked_matrix,dim =1 )\n",
    "print(causal_atten_weight)"
   ]
  },
  {
   "cell_type": "markdown",
   "metadata": {},
   "source": [
    "## Dropout"
   ]
  },
  {
   "cell_type": "code",
   "execution_count": 27,
   "metadata": {},
   "outputs": [
    {
     "name": "stdout",
     "output_type": "stream",
     "text": [
      "tensor([[1., 1., 1., 1., 1., 1.],\n",
      "        [1., 1., 1., 1., 1., 1.],\n",
      "        [1., 1., 1., 1., 1., 1.],\n",
      "        [1., 1., 1., 1., 1., 1.],\n",
      "        [1., 1., 1., 1., 1., 1.],\n",
      "        [1., 1., 1., 1., 1., 1.]])\n"
     ]
    }
   ],
   "source": [
    "example = torch.ones(6, 6) #B\n",
    "print(example)"
   ]
  },
  {
   "cell_type": "code",
   "execution_count": 28,
   "metadata": {},
   "outputs": [
    {
     "name": "stdout",
     "output_type": "stream",
     "text": [
      "tensor([[2., 2., 0., 2., 2., 0.],\n",
      "        [0., 0., 0., 2., 0., 2.],\n",
      "        [2., 2., 2., 2., 0., 2.],\n",
      "        [0., 2., 2., 0., 0., 2.],\n",
      "        [0., 2., 0., 2., 0., 2.],\n",
      "        [0., 2., 2., 2., 2., 0.]])\n"
     ]
    }
   ],
   "source": [
    "torch.manual_seed(123)\n",
    "dropout = torch.nn.Dropout(0.5) #A\n",
    "example = torch.ones(6, 6) #B \n",
    "print(dropout(example))"
   ]
  },
  {
   "cell_type": "markdown",
   "metadata": {},
   "source": [
    "<div class=\"alert alert-block alert-info\">\n",
    "\n",
    "When applying dropout to an attention weight matrix with a rate of 50%, half of the\n",
    "elements in the matrix are randomly set to zero. \n",
    "\n",
    "To compensate for the reduction in active\n",
    "elements, the values of the remaining elements in the matrix are scaled up by a factor of\n",
    "1/0.5 =2. \n",
    "\n",
    "This scaling is crucial to maintain the overall balance of the attention weights,\n",
    "ensuring that the average influence of the attention mechanism remains consistent during\n",
    "both the training and inference phases.\n",
    "</div>"
   ]
  },
  {
   "cell_type": "code",
   "execution_count": 29,
   "metadata": {},
   "outputs": [
    {
     "name": "stdout",
     "output_type": "stream",
     "text": [
      "tensor([[0.2697, 0.0000, 0.0000, 0.0000, 0.0000, 0.0000],\n",
      "        [0.0000, 0.0000, 0.2415, 0.0000, 0.4044, 0.4055],\n",
      "        [0.0000, 0.2419, 0.2439, 0.4597, 0.4027, 0.4037],\n",
      "        [0.0000, 0.0000, 0.2855, 0.4014, 0.0000, 0.3734],\n",
      "        [0.0000, 0.0000, 0.0000, 0.0000, 0.3495, 0.3488],\n",
      "        [0.2560, 0.2551, 0.0000, 0.4419, 0.3953, 0.3947]],\n",
      "       grad_fn=<MulBackward0>)\n"
     ]
    }
   ],
   "source": [
    "print(dropout(atten_weight))"
   ]
  },
  {
   "cell_type": "markdown",
   "metadata": {},
   "source": [
    "## IMPLEMENTING A COMPACT CAUSAL ATTENTION CLASS"
   ]
  },
  {
   "cell_type": "markdown",
   "metadata": {},
   "source": [
    "<div class=\"alert alert-block alert-success\">\n",
    "\n",
    "In this section, we will now incorporate the causal attention and dropout modifications into\n",
    "the SelfAttention Python class we developed in section 3.4. \n",
    "\n",
    "This class will then serve as a\n",
    "template for developing multi-head attention in the upcoming section.\n",
    "\n",
    "</div>"
   ]
  },
  {
   "cell_type": "markdown",
   "metadata": {},
   "source": [
    "<div class=\"alert alert-block alert-success\">\n",
    "\n",
    "Before we begin, one more thing is to ensure that the code can handle batches\n",
    "consisting of more than one input. \n",
    "\n",
    "This will ensure that the CausalAttention class supports the batch\n",
    "outputs produced by the data loader we implemented earlier.\n",
    "\n",
    "</div>"
   ]
  },
  {
   "cell_type": "markdown",
   "metadata": {},
   "source": [
    "<div class=\"alert alert-block alert-success\">\n",
    "\n",
    "For simplicity, to simulate such batch inputs, we duplicate the input text example:\n",
    "\n",
    "</div>"
   ]
  },
  {
   "cell_type": "markdown",
   "metadata": {},
   "source": [
    "<div class=\"alert alert-block alert-info\">\n",
    "\n",
    " 2 inputs with 6 tokens each, and each token has embedding dimension 3\n",
    "    \n",
    "</div>"
   ]
  },
  {
   "cell_type": "code",
   "execution_count": 31,
   "metadata": {},
   "outputs": [
    {
     "name": "stdout",
     "output_type": "stream",
     "text": [
      "torch.Size([2, 6, 3])\n"
     ]
    }
   ],
   "source": [
    "batch = torch.stack((inputs, inputs), dim=0)\n",
    "print(batch.shape) "
   ]
  },
  {
   "cell_type": "markdown",
   "metadata": {},
   "source": [
    "<div class=\"alert alert-block alert-info\">\n",
    "\n",
    "Step 1: Compared to the previous SelfAttention_v1 class, we added a dropout layer.\n",
    "    \n",
    "Step 2: The register_buffer call is also a new addition (more information is provided in the following text).\n",
    "\n",
    "Step 3:  We transpose dimensions 1 and 2, keeping the batch dimension at the first position (0).\n",
    "\n",
    "Step 4: In PyTorch, operations with a trailing underscore are performed in-place, avoiding unnecessary memory\n",
    "copies\n",
    "    \n",
    "</div>"
   ]
  },
  {
   "cell_type": "code",
   "execution_count": null,
   "metadata": {},
   "outputs": [],
   "source": []
  },
  {
   "cell_type": "code",
   "execution_count": null,
   "metadata": {},
   "outputs": [],
   "source": []
  }
 ],
 "metadata": {
  "language_info": {
   "name": "python"
  }
 },
 "nbformat": 4,
 "nbformat_minor": 2
}
